sample_name	percent_live_1	percent_live_2	percent_live_3	percent_injured_1	percent_injured_2	percent_injured_3	percent_dead_1	percent_dead_2	percent_dead_3	concentration_1	concentration_2	concentration_3	Method	Medium	Timepoint
CRYO1_A_01	67.71	64.8	61.86	3.24	3.35	3.21	29.04	31.85	34.93	384800000	467950000	475275000	CRYO1	A	3
CRYO1_B_01	64.89	64.56	56.23	4.77	4.94	4.53	30.34	30.5	39.23	636700000	628800000	642000000	CRYO1	B	3
CRYO1_C_01	61.79	58.97	61.64	2.9	3.22	2.77	35.31	37.82	35.6	384740000	381840000	378940000	CRYO1	C	3
CRYO2_A_01	63.81	67.44	64.4	2.9	2.99	3.16	33.28	29.57	32.44	463475000	475875000	481925000	CRYO2	A	3
CRYO2_B_01	67.28	64.65	67.15	3.51	3.51	3.61	29.2	31.84	29.24	385220000	377280000	371860000	CRYO2	B	3
CRYO2_C_01	65.85	64.02	65.76	3.32	3.5	3.19	30.83	32.48	31.05	383800000	381420000	384880000	CRYO2	C	3
LYO1_A_01	47	47.8	45.09	6.67	6.18	6.01	46.33	46.03	48.9	715318182	624208333	693391304	LYO1	D	3
LYO1_B_01	52.48	52.7	51.68	7.7	8.31	7.43	39.82	38.99	40.88	412538462	605560000	665708333	LYO1	E	3
LYO1_C_01	39.5	34.65	32.69	12.34	11.1	12.17	48.16	54.26	55.14	398648649	619960000	431200000	LYO1	F	3
LYO1_D_01	25.55	30.11	33.16	7.31	10.18	9.65	67.14	59.71	57.19	493548387	473500000	410628571	LYO1	G	3
LYO2_A_01	56.67	55.16	54.3	8.22	8.32	10.34	35.1	36.52	35.36	323606250	288566667	335737500	LYO2	D	3
LYO2_B_01	57.13	49.26	49.81	11.95	5.2	5.2	30.92	45.54	44.99	335737500	373778571	293216667	LYO2	E	3
LYO2_C_01	38.49	33.97	38.39	17.94	10.78	7.14	43.57	55.25	54.46	1411425000	333675000	329756250	LYO2	F	3
LYO2_D_01	45.14	45.17	45.23	8.94	13.13	10.94	45.92	41.69	43.83	286250000	295166667	330768750	LYO2	G	3
CRYO1_A_02	66.01	60.03	64.7	4.2	5.9	6.5	29.79	34.07	28.8	272628571	238387500	269914286	CRYO1	A	3
CRYO1_B_02	71.06	69.79	70.74	5.35	6.16	5.86	23.59	24.05	23.4	318983333	268400000	312866667	CRYO1	B	3
CRYO1_C_02	58.88	57.61	59.07	3.76	5.84	4.05	37.36	36.55	36.88	233575000	208611111	236087500	CRYO1	C	3
CRYO2_A_02	75.34	63.25	62.61	4.22	5.77	5.26	20.43	30.98	32.13	268614286	273785714	238037500	CRYO2	A	3
CRYO2_B_02	70.44	71.08	64.76	5.35	3.61	4.47	24.21	25.31	30.77	233237500	239837500	237312500	CRYO2	B	3
CRYO2_C_02	74.93	71.09	73.92	6.35	4.82	5.88	18.72	24.09	20.2	318416667	315466667	320466667	CRYO2	C	3
LYO1_A_02	49.15	51.66	53.48	4.94	6.24	6.76	45.91	42.1	39.76	686555556	731400000	688925926	LYO1	D	3
LYO1_B_02	47.4	48.38	47.59	7.41	6.9	8.01	45.2	44.71	44.39	674153846	707307692	662259259	LYO1	E	3
LYO1_C_02	30.55	31.53	34.07	13.24	12.85	12.95	56.2	55.62	52.99	345836735	383808511	302820000	LYO1	F	3
LYO1_D_02	33.64	31.37	38.13	11.22	9.98	12.57	55.14	58.64	49.3	432710526	432380952	429292683	LYO1	G	3
LYO2_A_02	53.41	52.73	51.12	8.93	8.33	5.54	37.66	38.94	43.35	273975000	273885000	241922727	LYO2	D	3
LYO2_B_02	52.14	53.02	52.63	11.42	11.36	12	36.44	35.62	35.37	308600000	311266667	539730000	LYO2	E	3
LYO2_C_02	42.29	44.01	42.65	9.54	11.32	10.54	48.18	44.68	46.82	306366667	343275000	345506250	LYO2	F	3
LYO2_D_02	43.61	42.96	43.52	10.22	10.64	10.7	46.16	46.41	45.78	303350000	333862500	271290000	LYO2	G	3
CRYO1_A_03	61.18	60.58	59.22	3.55	3.6	3.6	35.27	35.83	37.18	313866667	226412500	261185714	CRYO1	A	3
CRYO1_B_03	68.23	67.81	68.45	5.94	5.39	5.21	25.83	26.8	26.34	309883333	304200000	374120000	CRYO1	B	3
CRYO1_C_03	61.59	62.8	60.04	3.56	4	3.41	34.85	33.2	36.55	230562500	230925000	231900000	CRYO1	C	3
CRYO2_A_03	62.11	62.96	63.83	3.09	2.71	3.15	34.8	34.33	33.03	227987500	261400000	264757143	CRYO2	A	3
CRYO2_B_03	69.34	63.61	65.05	3.61	2.89	3.07	27.05	33.51	31.88	312933333	268557143	269185714	CRYO2	B	3
CRYO2_C_03	70.22	64.95	66.98	4.19	4.24	4.32	25.59	30.8	28.7	224800000	260700000	233200000	CRYO2	C	3
LYO1_A_03	50.41	53.16	51.87	7.36	6.74	7.39	42.23	40.1	40.74	660814815	634777778	693956522	LYO1	D	3
LYO1_B_03	49.06	49.15	50.73	6.98	7.06	6.91	43.96	43.79	42.36	717583333	736791667	714320000	LYO1	E	3
LYO1_C_03	38.49	37.06	41.69	10.88	12.69	13.74	50.63	50.25	44.57	437894737	434641026	427075000	LYO1	F	3
LYO1_D_03	32.14	37.66	36.48	10.1	12.07	10.22	57.76	50.27	53.3	402285714	457216216	438435897	LYO1	G	3
LYO2_A_03	57.8	53.62	51.49	15.36	10.54	7.34	26.84	35.84	41.17	376264286	329006250	373285714	LYO2	D	3
LYO2_B_03	53.53	54.68	53.03	11.34	11.29	10.2	35.12	34.03	36.77	335625000	328837500	336337500	LYO2	E	3
LYO2_C_03	38.67	38.93	40.59	8.57	9.63	11.58	52.76	51.44	47.82	330600000	298416667	329400000	LYO2	F	3
LYO2_D_03	45.06	44.7	44.61	10.48	10.76	10.34	44.46	44.54	45.04	295800000	292850000	335437500	LYO2	G	3
CRYO1_A_04	52.37	55.19	55.13	3.23	3.2	3.33	44.4	41.62	41.53	269142857	231012500	268271429	CRYO1	A	3
CRYO1_B_04	62.87	69.19	61.54	5.11	5.26	4.26	32.02	25.56	34.2	273600000	317283333	274928571	CRYO1	B	3
CRYO1_C_04	72.98	59.46	59.17	5.08	3.74	3.57	21.94	36.8	37.26	237925000	235750000	266328571	CRYO1	C	3
CRYO2_A_04	69.51	69.04	69.94	3.5	3.62	4.07	26.99	27.34	25.99	378760000	317450000	371040000	CRYO2	A	3
CRYO2_B_04	62.65	54.25	61.77	3.21	2.52	2.95	34.14	43.22	35.29	306100000	269400000	271785714	CRYO2	B	3
CRYO2_C_04	52.07	55.81	57.36	3.09	3.26	3.5	44.84	40.93	39.14	221712500	230625000	230087500	CRYO2	C	3
LYO1_A_04	49.26	48.08	51.06	6.29	5.11	5.31	44.45	46.82	43.64	656333333	688576923	723080000	LYO1	D	3
LYO1_B_04	49.2	50.63	49.74	6.15	6.39	5.8	44.65	42.97	44.46	720440000	972500000	709600000	LYO1	E	3
LYO1_C_04	31.34	32.7	30.43	11.6	11.31	11.47	57.06	55.98	58.11	366057143	380222222	341042553	LYO1	F	3
LYO1_D_04	34.41	38.42	36.37	9.92	11.51	11.29	55.67	50.06	52.34	560562500	399697674	376186047	LYO1	G	3
LYO2_A_04	52.58	51.26	40.6	9.04	6.73	7.14	38.37	42.01	52.26	248809091	289950000	272775000	LYO2	D	3
LYO2_B_04	56.03	53.97	54.44	9.18	8.72	9.27	34.79	37.31	36.29	267750000	268350000	301350000	LYO2	E	3
LYO2_C_04	40.28	37.89	35.29	11.68	10.54	10.16	48.04	51.57	54.56	302766667	340687500	300616667	LYO2	F	3
LYO2_D_04	36.39	36.3	38.96	10.34	10.06	10.12	53.28	53.64	50.92	269235000	244309091	345150000	LYO2	G	3
CRYO1_A_05	52.54	55.44	55.5	3.15	3.77	3.4	44.31	40.79	41.11	268342857	235962500	234912500	CRYO1	A	3
CRYO1_B_05	60.37	60.24	64.33	4.49	4.37	4.98	35.14	35.39	30.69	310116667	240525000	363660000	CRYO1	B	3
CRYO1_C_05	50.91	51.3	58.71	3.2	3.31	3.9	45.89	45.39	37.39	207866667	235025000	234000000	CRYO1	C	3
CRYO2_A_05	64.09	66.1	61.61	3.28	3.87	3.02	32.63	30.03	35.37	231650000	264428571	268542857	CRYO2	A	3
CRYO2_B_05	65.98	63.65	66.78	2.91	2.92	3	31.12	33.43	30.22	268242857	235375000	262542857	CRYO2	B	3
CRYO2_C_05	49.76	52.14	58.53	3.73	3.43	4.06	46.51	44.43	37.41	62116667	226462500	230900000	CRYO2	C	3
LYO1_A_05	50.56	48.8	47.19	6.48	6.61	6.34	42.96	44.59	46.47	763916667	735200000	922150000	LYO1	D	3
LYO1_B_05	46.47	51.24	48.94	6.3	6.94	6.26	47.23	41.82	44.8	714440000	681269231	722520000	LYO1	E	3
LYO1_C_05	31.28	37.19	30.62	11.3	11.44	11.3	57.42	51.37	58.09	440292683	375533333	363456522	LYO1	F	3
LYO1_D_05	31.08	30.63	36.75	10.64	10.07	11.78	58.29	59.3	51.47	417250000	366617021	432125000	LYO1	G	3
LYO2_A_05	49.61	52.04	51.32	9.72	7.92	8.55	40.67	40.04	40.13	299833333	299883333	347906250	LYO2	D	3
LYO2_B_05	54.37	55.37	55.29	10.21	10.75	10.63	35.43	33.88	34.09	900050000	390471429	346143750	LYO2	E	3
LYO2_C_05	35.71	35.66	37.47	9.22	8.54	9.02	55.07	55.8	53.51	290950000	309300000	301966667	LYO2	F	3
LYO2_D_05	38.77	40.39	37.58	10.21	10.72	7.34	51.02	48.89	55.08	247554545	278865000	307733333	LYO2	G	3
Unpreserved_01	75.3	74	74.78	3.24	2.56	2.65	21.46	23.44	22.58	651000000	643000000	786000000	None	None	0
Unpreserved_02	75.74	71.83	74.42	3.26	2.51	2.73	21	25.66	22.86	776000000	695000000	749000000	None	None	0
Unpreserved_03	76.77	74.47	75.17	3.06	2.52	2.76	20.17	23.01	22.07	742000000	798000000	814000000	None	None	0
Unpreserved_04	74.78	74.22	74.47	3.51	2.82	3	21.71	22.95	22.53	776000000	779000000	752000000	None	None	0
Unpreserved_05	73.93	71.92	75.39	3.15	2.77	2.59	22.93	25.31	22.01	687000000	778000000	735000000	None	None	0
